=== カバーストーリー別CS/UCS相関分析サマリー ===

分析対象ストーリー数: 12
CS強相関ストーリー (|r| > 0.3): [1, 2, 3, 4, 5, 6, 7, 8, 9, 10, 11, 12]
UCS強相関ストーリー (|r| > 0.3): [1, 2, 3, 4, 5, 6, 7, 8, 9, 10, 11, 12]

## ストーリー別平均相関係数 (threshold=1.0)
          CS    UCS
ストーリー              
1      0.654  0.677
2      0.503  0.530
3      0.673  0.701
4      0.751  0.803
5      0.624  0.662
6      0.558  0.579
7      0.515  0.553
8      0.486  0.504
9      0.716  0.743
10     0.708  0.686
11     0.588  0.643
12     0.819  0.830
